start=236.520000
video-aspect-override=1.777778
